902434618493849600
847785003673157633
974392230793400320
560351747
919109490611499008
883012135873282049
845934781883977728
900082413526806531
836299714144440322
788457887790141440
3178944522
899911844747497474
806420315840585733
216617483
796071848375156737
813318016247140352
1010724062107242503
4471663121
963723787
760910016614367236
2388779545
220420127
232288802
1456360482
948439650779172864
924310322906828800
1036468268
920681461048578048
225915438
1556745266
279463481
965680519135547392
723777573994549248
997873709837897728
955356092908933121
1307377728
1162863170
2427687492
995720421201805312
1418098309
2564977231
838165585
735152521816231937
422544980
911359319601532928
807414241976340480
1000698223395295232
4820858974
60862561
18631779
341723747
2368147046
3802798696
119293544
981527899747618816
869954857083572224
589041260
991580426178367488
2698519663
583831667
4224627316
1010032327148392449
2650857590
4861169271
994138331175931905
981484694767390720
1010170379552411648
740083182427639808
869875127378464768
3779106435
4417317508
911898359195144192
901934483791859713
985902022342987776
966335357141880832
747501489694871552
748852270469681152
225510027
515277963
1161186445
885880642034126849
987037036929585153
709291656479121408
719496974949556224
278492306
3200067730
3920560276
1010508493454036993
397920408
992016131216068613
1003399446518992901
2659423902
364250782
450097822
2988236454
295198375
906425043651100673
3308961453
310415540
1941631669
327923896
374547131
753610939
4391352508
1570909886
1004639935
4830352576
1000019159462371328
124170948
449745099
766398590222729216
2610068683
886487182327808000
47938256
1062995664
310520530
2361657044
848734934
176813784
866224344
4811939549
869662109235372032
411436767
1585817312
1573265124
849931984902266880
879521012
2420206334
985606349441720320
1005201525424250880
775988034588336128
940187750120284160
253673219
1010511169197694976
495154437
877824012306587649
786898350134157313
3313669383
1008094103257669632
934342820588150784
1012581975826358273
516529422
2278236944
360802578
1695995670
3251451162
597903645
3014005033
435167530
870202706060816384
895893735128608768
996395614572294144
1009167000164282368
3282592566
3226792760
343514426
439015740
3090595646
1166376770
2917701446
2459299656
825483632898867200
894877100032831489
295055181
468301646
492940108
2491594068
236426070
3213629782
1001693017
93907289
3043517793
967234923055771648
990931726703751168
991926182131232768
295667559
897362907897507840
813787322122727425
1010040395231883265
910202766727016449
770233762823172096
891956893337481216
857950028299677696
860922247414001664
972807333637222400
959050269895077889
923917514765152257
4164213640
901895936284209154
837334866295418882
911687372529643522
785186983945568256
1329556368
898542520820543489
241886621
1002490021687984129
700416454588497921
504578977
1011321221772914694
756367022229979136
2346824107
60651436
4776555437
93673903
419459579
2374090676
370817975
174947255
630279046
1443411900
4450380735
777461841920454656
2308625347
4716787713
814429989701615616
3030710785
345930711
902816597861167104
870426276565319680
254911847
808774518743465984
4134986728
152187369
2316272106
808420059911782400
626730984
438400368
275692913
2424201072
168775537
1185943538
149395317
3159292789
161699318
1057519094
1318916089
1374520315
760052205022052353
